-9.822741e+00 1.550285e+01
1.155144e+01 1.435972e+01
-1.073171e+01 -1.480748e+01
1.430849e+01 -1.472427e+01
-3.225790e+01 -2.611839e+01
-2.096011e+01 -3.550171e+01
3.531720e+01 -3.554250e+01
4.140700e+01 -2.656956e+01
-2.311155e+01 3.645778e+01
-2.964244e+01 3.003797e+01
3.423235e+01 2.309370e+01
2.614542e+01 3.443819e+01
-5.198893e+01 -2.488439e+01
-4.363703e+01 -3.577007e+01
-1.588044e+01 -5.315913e+01
-2.374097e+01 -5.385675e+01
4.905285e+01 -5.329157e+01
3.662724e+01 -5.473335e+01
6.243183e+01 -3.378228e+01
5.844926e+01 -1.993698e+01
-3.223698e+01 5.290886e+01
-1.906695e+01 5.036550e+01
-4.532662e+01 3.995334e+01
-4.451447e+01 2.761437e+01
5.272662e+01 1.852483e+01
5.263133e+01 2.655685e+01
3.503555e+01 5.110625e+01
2.785844e+01 5.340011e+01
-6.613135e+01 -1.744884e+01
-6.766373e+01 -2.475183e+01
-4.929882e+01 -4.902839e+01
-5.032767e+01 -4.346349e+01
-1.001801e+01 -6.790024e+01
-6.219669e+00 -5.650718e+01
-2.140766e+01 -6.378854e+01
-3.217802e+01 -6.587246e+01
3.022977e+01 -7.002457e+01
2.394236e+01 -6.300163e+01
7.688141e+01 -3.510107e+01
7.443219e+01 -4.503855e+01
6.916245e+01 -7.827010e+00
5.615432e+01 -7.993035e+00
-3.940112e+01 6.488264e+01
-4.240423e+01 5.465032e+01
-8.967449e+00 4.819529e+01
-9.889879e+00 6.325192e+01
-5.741192e+01 4.440693e+01
-5.302892e+01 5.162471e+01
-5.304534e+01 1.631724e+01
-4.261878e+01 1.540963e+01
5.714594e+01 9.049467e+00
5.615805e+01 7.202676e+00
6.510285e+01 2.715613e+01
6.374598e+01 3.599040e+01
2.201372e+01 6.599068e+01
3.120914e+01 6.577982e+01
-6.937729e+00 3.790708e+01
-1.060394e+01 4.062727e+01
3.901700e+01 6.640420e+01
3.733356e+01 7.434360e+01
